csc0056: 1608252809 226356912 1608252810 924214546
csc0056: 1608252815 626846431 1608252817 382651019
csc0056: 1608252818 251997678 1608252820 252600834
csc0056: 1608252820 793822277 1608252822 507646039
csc0056: 1608252823 219708088 1608252824 967066823
csc0056: 1608252825 561093036 1608252827 016854139
csc0056: 1608252827 580762819 1608252829 426083864
csc0056: 1608252830 467454456 1608252831 525518240
csc0056: 1608252832 542147714 1608252833 725445015
csc0056: 1608252834 958357378 1608252836 648774782
