0.112886
0.113148
0.123766
0.143622
0.148760
0.152917
0.153018
0.153452
0.153464
0.155788
0.163053
0.171122
0.172518
0.173329
0.174778
0.182645
0.183138
0.184488
0.190928
0.203114
0.205008
0.214653
0.223328
0.243246
0.253509
0.265536
0.272467
0.273331
0.273331
0.284661
0.293601
0.303992
0.311666
0.313458
0.313555
0.314795
0.322189
0.332937
0.342159
0.342589
0.343018
0.343459
0.364413
0.367159
0.373422
0.384006
0.394390
0.401785
0.412111
0.412983
0.415918
0.423414
0.423768
0.424315
0.433021
0.442525
0.442903
0.443152
0.463897
0.474105
0.483399
0.485485
0.504264
0.512242
0.512562
0.512589
0.512835
0.523028
0.523221
0.523811
0.540353
0.543308
0.554092
0.575409
0.593339
0.604091
0.611643
0.644060
0.652908
0.665146
0.685575
0.712622
0.723654
0.752029
0.769764
0.772679
0.811798
0.813870
0.819598
0.822609
0.909044
0.914431
0.924251
1.001602
1.002311
1.002901
1.004641
1.005987
1.017510
1.026146
1.036873
1.036962
1.037436
1.046404
1.055865
1.056243
1.056731
1.056898
1.057498
1.066830
1.067411
1.076615
1.086751
1.100354
1.105810
1.106535
1.114747
1.115625
1.128246
1.136618
1.137189
1.137515
1.145872
1.146268
1.146450
1.147012
1.147059
1.155219
1.157479
1.157935
1.166552
1.166602
1.175301
1.178103
1.186721
1.186922
1.193843
1.206430
1.206464
1.206755
1.216233
1.226151
1.226823
1.246796
1.246850
1.247236
1.256520
1.265188
1.265925
1.266133
1.266135
1.274401
1.276710
1.277343
1.278147
1.284385
1.286510
1.286629
1.286732
1.287087
1.306497
1.306995
1.316754
1.317168
1.317635
1.322741
1.326527
1.326645
1.347511
1.356390
1.366566
1.385111
1.406719
1.406873
1.417074
1.436954
1.446570
1.455007
1.456754
1.457609
1.466486
1.475566
1.478580
1.486032
1.488091
1.507403
1.516402
1.517159
1.550808
1.564943
1.574934
1.576322
1.576655
1.583331
1.587859
1.589346
1.596027
1.618416
1.636704
1.636874
1.676426
1.685292
1.685320
1.705385
1.718897
1.726558
1.737504
1.755107
1.756761
1.766868
1.787742
1.794302
1.849356
