0 109534
1 -702366
0 338000
1 -388326
0 607340
1 -489730
0 668819
1 -369087
1 -488300
0 519865
1 -294803
0 368926
1 -449797
1 -40658
0 333950
1 -289262
1 -3323
0 706390
1 -20969
1 -511847
0 276916
1 -494221
0 107996
0 133554
0 359301
1 -528988
1 -157124
0 305746
0 405907
1 -53029
1 -21164
1 -242329
0 210426
0 184126
1 -510373
1 -219288
1 -95042
0 856014
1 -448803
1 -78968
0 183307
1 -547972
1 -3929
0 478385
1 -114444
1 -240487
0 619976
1 -749896
0 710027
1 -570979
1 -112022
0 748224
1 -441014
0 263118
0 124717
1 -263729
0 219920
1 -431816
0 150026
0 210179
1 -482333
0 643605
1 -496224
1 -86353
0 315558
0 430615
1 -306275
1 -676288
0 394584
0 255594
1 -149428
1 -13889
1 -46136
1 -166179
1 -185480
0 174817
0 174611
1 -166131
0 714016
1 -466022
1 -486215
0 403739
0 364243
1 -391779
1 -384351
0 768779
1 -648576
0 501033
1 -602162
1 -54456
0 499829
0 139549
1 -536907
0 866934
1 -620684
1 -280858
0 867084
1 -892047
0 598171
0 123536
1 -633413
0 104876
1 -96218
1 -98039
0 709074
1 -131235
1 -179572
0 534916
1 -252519
1 -568598
0 456454
0 233251
0 108304
1 -611556
1 -62107
0 489447
0 170275
1 -238396
0 128868
1 -191468
1 -101158
0 319112
1 -361101
0 162656
1 -38856
0 190759
1 -599436
0 429170
1 -102388
0 140521
1 -92964
1 -460509
0 186967
0 123686
0 481876
1 -651502
0 387336
1 -81123
0 279187
1 -620873
0 231537
1 -179753
0 688369
1 -384921
1 -490492
0 708528
1 -541539
0 148119
0 434334
1 -758619
0 420751
1 -11250
1 -30431
0 255240
1 -52786
1 -292723
0 132858
0 197250
1 -335814
1 -318912
0 107743
0 148870
0 208254
1 -502159
0 744007
1 -697902
0 233573
1 -164108
0 699248
1 -436987
0 242033
1 -590937
0 473943
0 208572
0 179052
1 -151285
1 -670112
0 448172
1 -221150
1 -70975
0 342892
1 -117716
0 507178
1 -369479
1 -425189
0 471009
1 -561530
0 469278
0 175514
1 -115243
0 249318
1 -295277
0 113073
0 226475
1 -561720
0 144365
1 -11887
1 -230536
0 303738
1 -150890
0 514658
1 -224403
1 -490546
0 524073
0 172028
1 -68800
1 -211552
1 -210577
0 309103
0 226477
1 -671143
0 428906
1 -575222
0 578077
1 -621333
0 532775
0 249527
1 -76902
1 -228981
1 -81967
1 -30174
0 319925
1 -620467
0 509139
0 188735
1 -581007
0 181241
1 -358987
1 -82541
0 212412
0 448595
1 -261714
1 -220506
0 302352
1 -280466
1 -130050
0 605103
1 -245611
1 -16036
0 348784
1 -522549
1 -137208
0 471447
1 -176211
1 -268779
0 121126
0 459121
1 -561595
0 429083
1 -210060
0 161956
0 158612
0 229072
1 -276034
1 -146415
1 -81057
0 476020
1 -330607
1 -6268
1 -446
0 280059
1 -651273
0 494807
1 -548805
0 706503
1 -390078
1 -301110
1 -140600
0 900024
1 -891760
0 964081
1 -593848
0 205513
0 106930
1 -445111
0 318972
1 -471181
0 337806
1 -337381
0 863832
1 -609109
0 256598
1 -525199
0 387374
0 370140
1 -494074
0 477877
1 -288603
1 -294359
0 631843
1 -647827
0 235071
1 -299699
1 -45864
0 159146
1 -196178
0 410012
0 211679
0 285575
1 -430207
1 -71296
1 -311042
0 622744
1 -335563
0 536014
1 -90753
1 -423304
1 -260892
1 -125814
0 247084
0 309263
1 -484609
0 438525
1 -436112
0 811691
1 -279525
1 -441803
0 300806
0 303318
1 -105910
1 -4195
1 -180721
0 310935
1 -824096
0 278719
1 -53319
0 510572
1 -18021
1 -638241
0 337105
1 2050
0 297757
1 -761687
0 929499
1 -810310
0 597267
1 -596875
0 715123
1 -645930
0 484862
1 -167553
0 412782
1 -668430
1 -125270
0 418141
1 -150649
0 145882
1 -241890
0 270645
1 -26844
0 405236
1 -550721
1 -120982
0 518676
1 -236533
1 -314552
0 173900
0 212750
1 -350761
0 703947
1 -637695
0 569219
1 -857685
0 885985
1 -595165
0 171948
1 -334861
0 273383
0 204439
1 -44921
1 -262396
0 165239
1 -347324
0 166608
1 -46267
0 392809
1 -215506
0 117272
1 -65161
1 -336772
0 355212
1 -165473
1 -41792
0 430188
1 -154863
1 -148709
1 -385178
0 389983
1 -427130
1 4757
0 755098
1 -737906
1 -4420
0 612335
1 -31392
1 -100815
1 -535437
0 401393
0 339386
0 164247
1 -495275
1 -395538
0 864171
1 -255324
1 -541041
0 385634
0 204370
0 115348
1 -218137
0 407236
1 -154948
1 -791011
1 -31208
0 689285
1 -271225
0 207789
1 -282912
1 -105539
1 -213985
0 118484
0 746439
1 -842157
0 407313
0 293740
1 -192620
0 107931
1 -323734
0 314456
0 260292
1 -200164
1 -478274
0 393578
1 -389152
0 423859
1 -281244
0 345320
1 -585804
0 106049
0 678642
1 -691783
1 -141939
0 768049
1 -589588
0 618653
1 -491923
0 495882
1 -373196
1 -130784
0 150603
1 -82047
0 278866
0 188054
1 -232824
1 -551473
0 347550
0 388671
1 -699586
0 388238
1 -342878
0 697454
1 -672912
0 557214
1 -382056
1 -331664
0 646772
1 -432845
0 488238
1 -100371
1 -463866
0 609906
1 -393781
1 -13140
0 257334
1 -420778
0 264617
0 171289
1 -461443
0 608925
1 -211462
0 329427
1 -730800
1 -61983
0 308833
1 -20785
1 -322125
0 227703
1 -280968
1 -75207
0 141651
0 521287
1 -588500
1 -89128
0 387849
1 -130249
0 445176
1 -109821
1 -343738
1 -202836
0 267528
1 -171777
0 779302
1 -321802
1 -230727
0 208564
1 -292146
0 230357
1 -30227
1 -280946
1 -61373
1 -46906
0 581624
1 -682282
0 568636
1 -91201
0 112988
1 -523245
0 111002
0 159095
1 -80122
1 -235711
0 775936
1 -589721
0 708783
1 -87125
1 -218938
1 -160236
1 -261102
1 -50887
1 -1020
0 398957
0 309363
1 -571504
0 328975
1 -540443
0 519058
0 158760
1 -114691
1 -477430
1 -60315
0 819029
1 -467469
1 -25414
1 -284347
0 158647
1 -72360
1 -51106
0 808650
1 -247633
1 -238407
1 -3346
1 -15451
1 -194581
1 -70375
0 348356
0 133451
1 -654791
0 179301
0 570032
1 -3183
1 -712568
0 598981
0 297195
1 -64863
1 -300942
1 -213466
0 375795
1 -741796
0 663653
1 -82973
0 170216
1 -92560
1 -477380
0 210380
1 -36854
0 331495
0 184187
1 -111108
1 -340537
1 -167318
0 179737
0 358748
0 172968
1 -281456
1 -290519
1 -281226
0 248648
1 -70360
0 242925
1 -108039
0 240653
1 -350423
1 -257088
0 661632
1 -241773
1 -355502
0 328523
0 425417
1 -396680
0 230365
1 -293491
1 -437271
0 853060
0 111237
1 -714230
0 210440
1 -21485
0 308877
1 -655054
0 531709
1 -520567
0 774210
1 -851627
0 599844
0 112517
1 -422898
0 644358
1 -441369
1 -290527
0 554024
1 -76312
1 -199513
1 -20878
0 129803
1 -389775
0 508636
0 142478
1 -418859
1 -372737
0 110504
0 444715
0 268194
1 -558436
0 170708
1 -242117
0 409032
1 -282483
1 -403108
0 868964
1 -30336
1 -612006
0 223206
1 -19014
0 479623
1 -342362
0 357587
1 -229922
1 -250930
0 408010
1 -577220
0 674249
1 -881979
0 864458
1 -241184
1 -655147
0 311381
0 604227
1 -62260
1 -696849
0 231092
1 -254050
0 559635
1 -691811
0 273947
0 107496
0 264821
1 -51008
1 -472219
0 614287
0 167574
1 -212294
1 -504936
0 225430
0 308708
1 -506183
0 313677
0 428551
1 -114845
1 -874062
0 949950
1 -658566
1 -265173
0 197385
0 264023
1 -5394
0 119420
1 -361755
0 509681
1 -396642
1 -191549
0 554317
1 -485948
0 498331
1 -282264
1 -100603
0 369798
0 241716
1 -418983
0 437796
1 -650967
0 242822
1 -8280
1 -73991
1 -257953
0 110997
0 314357
0 149271
1 -395954
0 312053
1 -108638
1 -502015
0 878247
1 -521963
1 -264277
0 319072
1 -55774
0 255117
1 -71265
0 206002
0 104636
1 -594550
0 293469
0 190102
1 -650571
1 -205568
0 451814
1 -327055
0 157950
0 267902
0 374357
1 -880412
0 379882
1 -44406
0 188769
1 -190777
0 204507
0 267419
1 -465558
0 565831
1 -494004
1 -90581
1 -91117
0 528091
1 -627267
0 330561
0 294890
1 -90354
1 -610387
1 -100420
0 900334
1 -751901
0 348628
0 122900
1 -336213
0 537873
1 -121223
1 -191479
1 -390612
0 172787
1 -79071
0 499317
0 214633
1 -361370
1 -31536
1 -31799
1 -481933
0 904255
1 -466141
1 -389250
0 508759
1 -511319
0 876813
1 -651650
0 519519
1 -710858
0 328431
1 -387112
0 151901
0 464451
0 188679
1 -641368
0 495961
1 -289652
0 414586
1 -711070
0 192815
0 342148
0 302741
1 -838652
0 392243
1 -69655
0 278896
1 -490887
0 307982
1 -221456
1 -31725
0 318569
1 -214208
1 -166330
0 543241
1 -758917
0 958025
1 -767560
0 139725
1 -301775
0 399388
1 -266104
0 755102
1 -787439
0 501592
0 112853
1 -109960
1 -560453
0 444122
0 460848
1 -227639
0 199834
1 -894129
0 599278
0 228421
1 -142051
0 213302
1 -138662
1 -601643
1 -186618
0 678548
1 -39705
1 -280769
0 332446
1 -637254
0 711698
1 -21918
1 -632255
0 806420
1 -853841
0 704239
1 -432766
1 -334722
0 709156
1 -26369
0 218062
1 -190515
1 -571195
0 568675
1 -370543
1 -171793
0 257767
1 -301904
0 456534
0 148509
1 -439402
1 -281973
0 719468
1 -471286
0 182000
1 -198100
0 112595
0 155778
0 346125
1 -491297
1 -254855
0 179255
0 430924
1 -589637
0 216735
0 449051
1 -665994
1 -150678
0 340526
0 208639
1 -301440
0 513789
1 -591902
0 304441
0 345875
1 154
1 -741670
0 449729
1 -155203
1 -230861
0 489614
0 123563
1 -157826
1 -90400
0 384441
1 -695701
0 628660
0 128784
1 -733661
0 344320
0 259080
1 -670763
0 608722
1 -492249
0 703640
1 -641591
0 383704
1 -531
1 -131257
1 -92563
0 444649
1 -887299
0 751878
1 -376060
0 476331
1 -530549
0 192994
1 -516691
0 278205
1 -128000
1 -29831
0 348857
0 479470
1 -211466
1 -101878
1 -392014
0 551267
1 -353649
0 489049
1 -690415
0 528766
0 134068
1 -511233
1 -274597
0 669431
1 -321165
