1 -697396
0 305516
0 303812
0 89740
0 213801
1 -911032
0 215625
0 89702
0 211829
0 92148
0 89747
0 124118
0 89807
1 -911281
0 125215
0 90616
0 89962
0 123439
0 86528
0 93711
0 89353
0 124517
0 89885
1 -911547
0 125141
0 90397
0 90253
0 123920
0 86479
0 93598
0 89406
0 124372
0 89132
1 -910771
0 125203
0 90019
0 90550
0 123795
0 86378
0 93634
0 89508
0 124326
1 -910918
0 89237
0 125291
0 90119
0 90610
0 123650
0 86293
0 93720
0 89553
0 124170
1 -910831
0 88953
0 125677
0 89978
0 90835
0 122951
0 86949
0 93573
0 89511
0 123846
1 -910306
0 88598
0 125970
0 89877
0 90497
0 123066
0 87608
0 93118
0 89857
0 123476
1 -910628
0 88958
0 125648
0 89709
0 90939
0 123222
0 86963
0 93611
0 89814
0 123770
1 -910700
0 88439
0 126099
0 89663
0 91090
0 122424
0 87551
0 93748
0 89687
0 123463
1 -910098
0 88221
0 126198
0 89576
0 90749
0 122722
0 87749
0 93619
0 89618
0 123331
1 -909979
0 88298
0 126200
0 89506
0 90875
0 122597
0 87917
0 93525
0 89532
0 123349
1 -910117
0 88368
0 126243
0 89476
0 91120
0 121800
0 88443
0 93597
0 89632
